108781 1555347742
1214 1472550604
2904 1627275807
308806 1374053285
335206 1119327823
338608 940433568
339806 1577260023
342406 1738046075
343506 1119824037
343712 1411994373
344102 1757379876
344501 1710904949
345206 2685398211
347004 1641801739
347512 1042341748
350408 1798559996
351906 1082053795
352007 1494889219
354204 1205029317
354610 868134619
360604 1992502334
360702 1412496568
363203 902599394
363311 2443352345
364506 2075289681
380313 1018801431
382109 1402254370
385604 1404615332
4008 962084319
5192 2504068218
5298 1620857556
5324 1874891095
5392 2744531555
5800 954013743
5801 1029327364
5802 1363691485
5803 951462550
5804 1808625191
5805 1144169595
5806 2059324504
5807 961188124
5808 1186300382
5809 938882315
5810 1253433817
5811 1075725363
5812 1077888072
5813 957185143
5814 950402409
5815 985734225
5816 1167860675
5820 1438214555
5821 1200277950
5822 1329466515
5823 995834942
5824 1154480881
5825 1455684659
5826 1245933661
5828 1148907718
5829 799917457
5830 1437182996
5833 940781038
5834 1009926399
5835 1089696668
5836 978963389
5838 855735075
5839 946821151
5840 818735085
5841 1087696921
5843 1068109766
5845 1194685786
5846 1041921368
5847 960428474
5850 1194948950
5851 1153852986
5852 988428151
5855 1826152044
5857 1523642749
5858 1010313288
5859 1205033999
5863 905622345
5865 1148137727
5866 1050014227
5868 1971495830
5871 981866008
5874 1015429073
5875 954201983
5876 899806464
5877 944161015
5878 1451567196
5880 1399658962
5882 981942514
5884 1443441890
5886 811654491
5887 797958836
5888 1427646036
5890 1075586666
5891 983987975
5892 1223832182
5894 1395111737
5895 1337734278
5896 1090102601
5897 981680784
5898 1012678192
5899 1364901691
5900 1059762364
5901 1511447651
5902 913360757
5903 1432512244
5904 937304644
5905 947228584
5906 1160101349
5907 1040342386
5908 1048105277
5909 987061724
5910 1160753942
5911 1226859266
5912 922668667
5913 1229290556
5915 2105204378
5916 811955487
5917 1574825453
5918 1080965584
5919 1024738497
5920 1134841258
5922 1517185275
5924 995932054
5926 1156962854
5927 1015488863
5929 895796616
5931 1071076660
5933 1031607532
5934 939457331
5935 1186797139
5936 1214522100
5937 1265711720
5938 1309356312
5939 968522612
5940 988560043
5941 905722408
5943 925035803
5944 1432992812
5945 1039690976
5946 1154516224
5948 1136492406
5950 901176482
5951 1012582435
5953 2198480687
5954 1387768729
5955 1452182325
5956 787227604
5959 972696984
5960 1061065280
5962 1400253012
5963 829096026
5964 1495339209
5965 1363762604
5969 1076866472
5970 959749814
5971 1219179242
5972 895339110
5973 1067439289
5974 1119188743
5976 1262375549
5977 1234144257
5981 1076294409
5983 1038003530
5985 916931167
5986 1401207437
5987 873087635
5988 1931644688
5989 1069148609
5990 1750459348
5991 878948272
5993 1218289382
5994 1264285395
5995 3470188766
6000 1361186728
6001 1061148510
6002 2134965120
6004 2097416652
6005 1284106461
6006 1185591581
6007 1360910906
6008 1643851854
6009 1483045266
6011 1032948639
6013 1116036074
6014 1452662656
6016 1244968141
6017 1299307775
6019 1189076936
6020 1218373264
6022 1177862987
6024 1093034146
6025 1709281607
6027 1730414827
6029 1723761066
6030 1335591766
6039 1514156339
6040 1446512349
6041 1489188454
6044 1722208911
6045 1578143250
6046 1621420257
6048 991949550
6049 1301142435
6050 1096423842
6051 1525225251
6052 878932868
6053 1472463072
6055 1784535061
6056 2059593730
6057 1604998477
6058 1509591404
6060 1734150125
6061 1887833237
6062 1257476773
6064 1199249061
6065 1778836107
6066 1069699470
6068 1318727987
6070 1577514134
6071 916763001
6073 1377281712
6078 2415110502
6081 1321025096
6082 861727947
6084 1332568651
6086 1274077996
6087 1457230315
6089 1411115039
6090 923543250
6093 1435559025
6096 1534211525
6101 1410809009
6103 1286296850
6107 1776984806
6110 1260357054
6114 2203105907
6115 973643227
6117 1196365475
6119 1121842280
6125 1292589729
6127 1080744658
6128 1112191812
6129 2397154832
6131 1572458808
6134 1170374168
6135 1260427014
6136 1468068568
6137 1166548153
6140 1470459007
6141 1565865332
6143 1782896448
6144 2024701579
6146 1194073986
6147 993554619
6148 997809812
6149 1155929157
6150 1211070226
6158 1324021069
6162 1290189428
6166 1476793285
6167 1152893957
6168 1452383048
6170 1321121656
6175 1343639552
6179 1516375767
6182 2239974808
6184 792820619
6185 2918450706
6186 999531368
6187 1529515681
6188 3760098397
6191 1851512380
6192 1754441902
6193 2013499115
6197 1276177547
6203 1335809420
6204 1281278975
6206 1298650839
6207 3726992351
6210 1968944285
6211 3186047883
6219 2226593964
6220 1269199764
6222 1108707046
6225 808823871
6226 2028916851
6227 1758428600
6228 1195672071
6229 1468028317
6230 1833931899
6231 1557595106
6232 1568142676
6233 976393291
6235 1050904613
6239 2379071646
6240 1792505283
6241 1567024170
6245 1076412912
6247 1430955715
6249 1089323978
6251 2653969345
6253 1444801210
6254 1508796653
6256 2171061902
6259 1657588925
6262 1413985174
6263 1897754774
6265 1470384451
6267 1996668225
6269 4129937900
6272 2169139337
6273 1264526386
6275 1312356943
6277 1113686276
6281 2053773013
6283 1530335254
6291 1348954281
6292 1595416760
6293 1101062401
6294 1250409008
6295 4168884581
6297 1588564306
6299 1250205631
6301 1163188253
6303 1406726280
6311 1430771644
6319 2437985244
6322 1244322222
6325 1223507823
6328 2250359834
6330 1412860543
6332 1587401980
6340 1182626294
6341 1130941311
6345 2441650779
6347 1609898931
6349 1603107778
6350 1273335882
6351 1415639009
6352 1140970360
6353 1729574013
6355 1562454961
6357 1082999529
6358 1448343484
6363 1453105874
6365 1271261170
6375 1668565645
6380 992137192
6385 1067068032
6389 2089469324
6397 2147801877
6403 1330086156
6405 1477191364
6407 1455403690
6408 1910828562
6409 1128517397
6412 1208840994
6421 2264327235
6425 1470962324
6434 1051937841
6435 1372573200
6437 1081777963
6438 1841921953
6458 1063016301
6460 1155759548
6462 790453824
6463 1780113530
6464 2119621054
6465 920393731
6466 1312464403
6468 971282367
6469 1633531003
6471 2043466277
6474 1256709517
6475 1107871110
6477 1009678866
6479 1152583413
6484 1749658837
6486 1005988102
6490 1225891179
6497 1310650225
6499 1174271746
6505 1459998641
6506 4024108134
6510 1314274784
6512 1331590945
6524 1248820215
6526 1477615493
6540 3144693075
6542 1284490786
6544 1313848824
6546 1910526250
6549 846922310
6552 1425544370
6553 1687574081
6556 1832443541
6558 1275900645
6564 1026596647
6566 1817347850
6567 1245593472
6568 1612656815
6569 990745184
6570 1026077408
6572 2022706633
6573 1341955392
6574 1139599575
6575 1109398576
6576 2008266441
6577 1440322487
6578 1592674225
6581 1185290227
6582 1448259390
6584 1176081419
6590 2674437314
6592 1459261046
6596 1521479618
6598 847273716
6600 794294363
6603 1241273377
6607 1226249387
6609 1174819168
6612 1202009209
6613 1050435633
6614 1228587768
6620 1234472007
6634 2034329899
6638 1621229681
6647 1017341402
6651 1038952597
6653 1354361807
6655 1893150884
6659 2088201655
6661 1123931620
6663 1495533350
6665 1249336159
6669 1751765078
6671 1459698012
6675 1152681060
6679 1450273199
6680 1012243668
6682 1092327863
6683 1027463193
6685 1079696377
6690 947167352
6692 1918887773
6693 1927236165
6694 1303142713
6695 1233083318
6696 1152791654
6697 1593447827
6698 802635405
6699 2369819925
6701 1382207732
6702 1370289359
6704 1670322244
6705 1425261655
6710 1757789920
6711 1540313519
6713 1495917358
6714 2208439055
6715 845981449
6716 1000416409
6717 1002131313
6719 898150018
6721 1082605332
6723 1252046220
6724 919935859
6726 1382198621
6728 1292825733
6729 1087263061
6731 1144408414
6732 1335996618
6740 1352699773
6742 914485530
6743 1062425511
6745 813168061
6746 1048316435
6748 1328396989
6751 1575146340
6753 1219629809
6755 1063113025
6756 1050717269
6757 1004942542
6759 944384297
6761 1203359309
6763 1543568554
6766 1358180199
6768 1185236127
6770 1261159538
6774 3954881600
6781 975573199
6783 1711599862
6789 1282446777
6791 1433319182
6793 1320307370
6795 1651184387
6797 1202962437
6798 2347991226
6801 1928102667
6802 1333487661
6803 1445723203
6805 1385293407
6807 2189547628
6808 2205840102
6809 1517096989
6811 1263688623
6815 1535317404
6820 1460672261
6821 2050917580
6822 2196392144
6824 2115461043
6825 1123871589
6827 1190542731
6830 1577673514
6831 1347165551
6832 2542449884
6833 1907502586
6834 1345579470
6835 1698904966
6837 1363485465
6840 1396110589
6841 1179282342
6842 1801963790
6843 1016517963
6844 1551547245
6845 1185817819
6846 1071124005
6847 1349762999
6848 1361945867
6850 929670241
6851 1649498376
6852 1076866464
6853 860953716
6854 1007786460
6855 1437001045
6857 2031605910
6858 1064198426
6859 1231993159
6860 1142650845
6861 1206750985
6863 991697838
6864 1132697113
6867 1129893963
6868 746262111
6869 1330564822
6870 1747322034
6872 1023848205
6874 1755856870
6875 1376814547
6877 1167541338
6878 994279172
6880 1018042776
6882 1962304933
6887 1552267410
6889 1154235998
6890 2639149506
6891 1655651218
6893 1376553119
6894 692428841
6895 4146718150
6898 1290766338
6899 2122669692
6901 1198104632
6902 922912488
6904 1249501549
6905 1820666725
6907 1150810094
6910 1614007632
6911 2293349053
6912 978882160
6914 1337264565
6916 1464065843
6917 1696047258
6918 1158319708
6920 1509919902
6924 1009470448
6937 2261006831
6939 1944625898
6945 2179302996
6951 1449051005
6953 1629146232
6955 1776044328
6957 1133333656
6960 1160637139
6967 1776422220
6971 1307158061
6973 1424373252
6974 943572895
6975 1350189761
6977 1174257098
6979 1166150258
6981 2031764453
6983 1366493812
6985 1600693710
6989 1153661159
6995 1346758425
7001 1492254342
7003 1553658343
7005 1317815375
7009 883442487
7011 1435136405
7015 1164151449
7017 2204776027
7019 1068636423
7021 867991468
7023 1284157767
7025 1087753220
7027 1053183585
7029 1322535779
7031 1585241067
7033 1104758816
7035 2250446483
7037 1346970984
7041 2716890674
7043 1195659621
7045 1793092022
7047 1649649159
7049 1088514385
7051 1086924415
7053 1256862885
7055 1797946473
7057 1353079696
7059 2318665077
7061 1483639922
7067 1481478095
7069 1268559874
7071 1168876645
7075 1917486241
7077 1274705671
7079 1718194316
7081 1913269309
7083 1413197056
7087 1236801265
7089 1135194245
7093 1815670960
7097 1934099418
7099 1904848374
7101 1671677546
7103 2168923875
7105 1931592747
7107 1835963501
7111 1725949834
7113 1047074013
89544 1628275693
89552 1324985149
89566 1224872053
89568 1656388993
E7009 23892964153
JXJJWB001 3611550243
JXJJW_B002 1572925303
JXJJW_B005 2677024914
JXNCWB003 3606586683
JXNCWB004 3763035786
JXNCWB006 1736108713
W6838 2887317844
W6840 2532222514
W6842 1610274356
W6844 2305564379
W6846 1584063289
W6848 2414311612
W6850 3966844879
W6852 2256355297
W6854 1252608734
W6858 1019385109
W6860 3037996957
W6864 1296824640
W6868 2345438085
W6870 4650265022
W6872 3144691141
W6874 1504582113
W6876 957400623
W6878 2325048162
W6880 1352600071
W6882 1846442773
W6890 1386766631
W6894 1604884043
W6898 3187245744
W6902 1467977749
W6904 1442048928
W6910 1812876520
W6912 1549298779
W6914 2120321992
W6918 2370223762
W6920 2881894319
W6932 1910676948
W6960 2260368667
W7009 2855088876
W7011 2485085255
W7015 1671176241
W7017 1275504008
W7019 1669850349
W7021 2007563414
W7025 1898687702
W7027 2484878072
W7029 3373019498
W7031 1980965251
W7033 1527021354
W7035 2039452310
W7037 1989758730
W7043 1517682221
W7045 1570846345
W7047 1649563446
W7049 2049918201
W7053 2613152635
W7055 2116093636
W7057 2756829428
W7059 1534480992
W7061 2799823271
W7063 1403185296
W7067 1429540714
W7069 1951056993
W7071 1721829730
W7073 1867303436
W7075 2559920875
W7077 2611876657
W7079 1670731377
W7081 2157085622
W7083 1854063380
W7087 1120834334
W7089 1458501558
W7093 2090269218
W7097 1888645056
W7099 1742752941
W7101 2553139643
W7103 1620025121
W7105 1683705198
W7111 2304447102
W7113 1810408269
WB04lung 1369608920
WB05lung 1464991268
WB06lung 1596558247
ZZE1814 2122460696
ZZE1826 1231318699
ZZE1851 903583739
ZZE2811 1875716762
ZZE2867 1336870116
ZZE3831 1420728413
ZZE3856 1639189969
ZZE3874 2048755123
ZZE4838 1324893493
ZZE4866 1864657605
ZZE4870 1269434555
